412
529
1231
1417
977
1882
1528
775
2289
1732
878
930
3147
2223
2169
3096
718
3151
1405
2154
3183
2469
2707
2229
89
1021
401
742
1025
2036
526
3006
658
1004
1996
1633
2966
2683
1209
1272
1946
1239
1744
2171
2493
2035
1657
3118
2991
2085
619
2724
408
1295
2678
1919
1330
802
3123
3192
2312
2040
1522
1538
3151
2449
1434
2863
1945
2164
3178
1660
1571
386
1548
1998
2873
662
2458
1595
1232
1653
2234
2851
1293
2084
3019
1461
240
1397
395
267
1703
271
1894
2834
1796
968
2412
1188
200
48
1918
92
492
543
785
2945
92
614
2238
3137
1327
424
3132
681
556
1070
1314
73
1287
36
3176
2062
1011
1237
914
2337
1058
2225
164
1485
1524
3128
884
1117
2464
850
18
3070
2619
2550
1401
2741
591
1511
1052
11
1289
1720
1568
1550
3001
1745
2169
932
2600
2950
184
3141
248
56
2149
1375
2702
2722
2864
1405
849
739
331
1263
1669
2692
2132
2514
1887
3027
1081
1806
1930
2577
1409
3009
1504
471
558
2052
1309
2
2175
3184
27
2226
2756
2892
2032
1038
1767
2875
198
2997
1267
2135
429
2180
2941
2754
2171
1541
152
1734
109
66
113
1278
2494
1827
1669
2557
1377
969
340
2793
2738
1518
620
910
2821
2872
1272
1803
3103
943
794
2723
1162
270
258
467
1496
2435
917
2106
1209
2923
2340
2475
2598
1962
1943
1569
1650
190
887
1347
555
290
1878
825
2212
600
860
2324
3158
2392
1369
597
529
1034
2873
3019
2505
322
2582
2474
1031
1894
958
1600
1528
349
2860
2144
2924
2777
1668
1550
528
3161
1486
2716
3107
2305
1331
1432
3188
504
1844
1700
377
1384
1208
10
443
450
2845
345
2959
440
1614
670
2047
2096
2059
2633
2374
1683
1980
255
423
2959
523
2989
2431
313
2570
3129
370
2525
7
315
1475
462
324
1978
1579
1706
2875
920
79
2270
2653
3045
2584
645
1083
1314
353
2615
1129
76
2577
574
1245
315
989
795
1599
391
1345
2517
2759
377
291
2698
3145
2331
2437
2623
189
2391
1096
2829
202
1511
1881
577
2532
2923
279
1739
802
2996
182
416
435
1278
3085
2685
2449
1963
164
2135
1280
3047
2854
2627
1827
2566
2572
1625
1163
809
2084
608
2991
519
563
2872
278
1417
833
2266
496
1409
944
3154
2715
1463
213
1899
614
2725
560
1268
91
221
160
2211
2244
1673
413
860
2567
1526
2072
2554
3104
2305
67
569
1557
1058
2737
718
806
467
2753
180
2044
3143
1614
1350
3144
3187
2744
3177
124
1193
728
2335
407
1710
1796
1411
1664
2429
620
2397
377
2789
491
549
864
2241
2608
1279
2797
1754
2829
727
969
1258
3144
264
672
2044
1765
1974
1728
551
1914
737
2698
1232
112
2239
3017
2701
66
1193
2914
1551
617
1682
3071
2299
276
1467
1692
1707
1403
2484
2588
707
30
1366
2086
1910
2917
3104
1280
2446
1261
2544
1772
2348
2669
2947
2109
306
1181
1109
1654
603
1235
2778
2614
1293
3114
123
2435
1855
362
2371
579
3110
1983
892
2775
1314
1004
740
1177
2624
2167
846
2207
2182
3028
3009
1866
2234
2677
2207
2831
954
2431
1902
428
1791
17
1777
2136
1324
1539
1974
3057
2376
3050
258
1120
1048
1315
2559
2143
1821
52
609
755
1763
1303
1417
137
1408
303
556
600
2175
1136
2300
2774
479
3190
2689
250
79
1996
2728
1265
3140
1093
2718
223
1513
3082
989
1659
2214
936
2597
1498
1172
1525
2373
820
228
2911
1125
2528
1126
270
689
1549
1250
1476
3042
646
1972
2507
3153
1635
204
806
2602
27
311
1528
802
1283
417
362
2283
1589
1362
2074
2217
911
2614
2485
1218
1342
451
1800
851
2399
3141
2316
1592
128
376
1422
894
724
2935
85
1440
2562
725
1828
2246
3020
2227
2680
11
2254
256
2777
2740
2385
1722
1684
2059
1774
3085
2016
2253
421
883
959
2942
2712
3053
2680
1732
163
560
267
286
248
3097
1767
1375
1779
1044
3010
282
1422
3006
914
1094
1965
651
1258
1910
1990
346
1101
203
1971
1037
787
1406
1288
23
1045
1121
2862
1343
985
1554
1496
3178
1532
2913
1637
666
1586
582
2885
1305
1088
1892
2204
136
3150
2690
1193
1450
2114
386
3115
2645
1281
1194
3195
218
361
2332
803
3115
2422
1904
1932
273
2121
3070
1108
32
424
179
845
1932
1213
757
3069
1281
1565
2097
2797
2216
2519
2464
1814
2608
2612
10
1929
1280
2671
1007
919
2575
1933
772
480
229
233
1904
2620
2166
638
1612
1639
2588
1229
2812
2020
943
2752
17
700
1085
2105
1176
2098
2229
605
1528
1747
859
2562
1292
2661
2830
812
21
2515
2265
2612
2780
756
2044
801
445
1299
2272
2744
1689
2625
2879
2316
3103
1999
2721
524
2648
2911
2699
2671
2276
1854
585
936
2413
1284
1487
1176
3015
776
2899
891
2650
3048
2121
1742
3057
998
1151
700
1754
35
1428
264
1068
270
1270
969
2274
984
2225
1172
2890
804
2161
1391
227
1705
1389
2381
3037
2818
1020
1789
33
523
588
1165
2497
2704
91
3015
109
657
3035
1873
2031
2871
1242
2397
2251
2717
2114
2817
1456
1398
2155
2798
787
3194
1886
727
1056
865
1682
2670
2863
2247
877
2287
3053
2143
2754
1174
437
1617
343
1284
1729
1525
1121
2343
2917
2079
2702
497
1726
289
2712
1617
2906
2975
2821
3158
1058
2219
957
210
2217
1497
1511
1756
2902
3160
2232
2198
2348
2620
786
3092
1743
1295
2472
1419
3169
3084
2829
1911
2351
2685
498
2463
598
256
604
2399
628
1969
2218
2670
1126
1084
1749
2354
216
857
2540
371
1269
2251
162
2361
2738
214
1886
437
631
1059
1020
1891
619
1169
1649
2296
333
1065
2659
1928
2291
2424
1196
1597
2550
2043
3174
742
3182
2067
2611
2150
209
2308
216
1645
3076
530
2270
938
2226
2930
1175
695
356
128
1665
1589
1186
812
1400
101
2464
686
1262
1471
1109
766
264
213
673
126
501
2505
2797
1461
1054
846
2134
1403
1440
257
1646
2491
2669
67
2762
978
2110
2205
2344
2399
2872
2933
1918
1153
1103
1535
54
1447
883
690
1895
2047
1462
409
905
2331
2834
1157
122
2582
827
2349
1717
132
927
2111
893
1807
2942
780
333
1912
1535
2854
1519
2913
304
1370
3019
1442
1428
2687
2456
1226
2673
2695
2850
1447
856
2738
2539
2096
498
3017
1862
2234
2848
1503
835
2953
254
3153
167
1543
1959
283
1909
377
669
312
2028
2283
2190
2796
2853
1358
1550
1750
1220
234
1868
369
82
494
1063
1319
2272
369
2669
111
1726
2402
2949
1218
1520
3031
387
1662
1581
764
224
1986
287
2857
1245
913
1780
2053
1884
340
179
2305
1038
1137
553
1542
2236
1241
835
456
1397
1878
1454
575
1799
3069
2396
1620
2888
1548
409
333
1346
1226
2929
122
19
3188
2846
2711
402
1251
529
895
2106
2475
2608
2254
1177
648
296
456
1072
960
793
1763
2866
1197
2884
2228
3067
2317
2174
1139
3187
939
709
2256
2702
1083
1073
1544
2807
2448
857
2212
170
951
1488
688
687
2449
1551
484
2058
1149
2958
2778
850
1219
914
1658
2652
54
25
2958
1724
2775
201
1063
867
523
783
528
1668
784
2414
2263
2084
2741
3033
184
2362
308
1979
1082
941
2102
2220
1643
2533
2629
1890
2315
477
2056
2329
1774
1307
1906
1700
3088
519
388
2304
364
2039
2922
3080
112
553
3029
1036
2411
310
1593
2520
2035
2407
234
749
2981
789
229
1646
137
2781
1504
2457
170
2663
1066
2791
318
2194
174
1055
784
169
1673
28
1888
1356
1883
2033
1844
1542
1305
3150
2912
1563
2286
1570
2724
3154
2381
1868
2123
2633
915
648
2763
2895
562
612
333
1622
709
138
2895
1997
2883
1012
2863
1505
2950
2070
1718
2957
2599
1398
1771
24
2213
779
648
1121
2142
1981
2456
2236
538
2393
1709
1536
1056
2060
3055
87
2568
1375
1784
925
3137
877
735
2016
403
1687
1098
1022
2307
1104
223
362
764
1985
589
1299
2743
3184
1855
1192
514
1016
2194
911
1497
1507
1
2900
630
1654
211
1843
2863
2086
1798
2938
937
1404
727
2555
2975
2986
1244
1704
1400
3116
2695
2141
1006
2577
2115
761
3116
308
2937
2148
2302
110
1525
85
1260
1127
1803
642
1917
2987
317
1361
1254
362
2970
24
1121
1027
2296
1978
2483
1831
1484
2519
1347
809
2283
2553
1698
848
1893
3196
2902
2748
1644
1761
1942
2543
3091
1756
256
1057
247
1001
1114
691
2081
1882
500
991
2239
1711
1702
2471
2053
673
238
146
169
2651
2249
1240
340
2907
3134
190
273
1369
2759
78
774
1231
1474
523
3159
2218
1911
3087
8
133
552
2683
2080
1178
1538
2079
2189
2307
378
2643
1037
838
2907
69
2069
333
2586
1710
90
609
1393
1647
46
23
931
2756
3146
2852
661
871
1054
1582
669
3019
1834
1955
657
3137
2719
915
609
1406
2758
3047
121
1572
53
2188
1240
870
1877
2033
1580
2812
392
3005
1951
2413
1406
2720
217
1907
2166
3062
2071
2834
19
346
1862
2092
2540
1384
2277
267
86
458
2794
2433
1076
1752
970
2563
276
1848
2362
300
2497
576
2624
1717
1826
272
2968
1683
784
1786
1561
2273
1579
1527
2832
823
817
1465
870
1452
2539
266
3148
2
1444
2552
2861
1535
379
1853
3179
620
154
2200
399
1519
1894
977
228
1885
164
698
441
2060
232
1661
2593
2579
973
2527
1968
1886
1893
569
3156
1026
2522
1454
2018
960
2647
1365
1779
1879
1742
737
2373
2910
2044
487
3107
2190
3189
164
191
3169
2633
631
74
1545
2088
2576
2863
2025
3018
403
1604
2071
2501
1716
284
116
804
3162
359
1058
1350
2051
2488
537
2985
547
576
783
478
2259
2734
748
2001
1497
8
1715
382
2532
2295
2215
2079
647
3195
758
3153
351
3059
2163
434
46
106
960
1147
276
1938
375
1410
1470
3136
2338
2915
2120
2755
719
1723
1759
1004
2954
460
2817
962
1839
2495
2450
2671
1046
1801
255
2363
1587
1777
636
2260
428
372
2562
329
2944
2865
1150
3165
390
1257
2150
1238
2124
754
379
621
833
2558
3165
2750
1150
1144
418
979
2398
1088
175
1958
1237
1828
365
2807
898
131
1174
213
284
225
2240
161
2331
17
1998
2494
899
465
2809
1385
431
3091
211
774
2250
2477
1606
1444
3089
1189
1768
1739
844
2911
2467
3133
2633
1707
2316
2480
614
1041
3036
2027
710
248
2268
747
2454
3130
214
2921
3082
1778
2043
2513
2641
2446
182
968
1993
740
2090
1280
961
3176
1534
42
1495
167
706
632
263
2819
1389
871
1242
2797
2940
854
3141
1375
1963
1977
2772
2111
2403
205
1627
2408
1370
1719
606
80
1854
2118
3154
2893
1411
982
1776
3071
1630
1146
277
2122
2364
163
2446
2666
300
282
2321
510
183
391
1359
1910
1456
2126
928
1898
3178
521
855
2622
2529
846
1967
403
669
1932
2309
2
988
1024
1048
2214
885
373
535
3154
3193
1035
1573
3006
1082
2675
80
0
500
2671
1496
2323
3069
435
2491
2687
848
157
2766
1549
3072
1874
40
2648
2941
3182
898
3139
2371
1941
600
3000
2392
1302
72
3098
1698
2836
1009
2983
1645
949
3188
625
910
760
2757
2068
564
960
2756
1213
3116
1695
1710
1378
1282
523
2201
952
1162
3041
1328
2814
582
2212
2036
2879
1085
327
1093
2164
874
901
1112
1044
1295
2741
1029
3193
2081
1885
2073
763
3083
1875
26
3019
2714
2798
1482
526
2298
2824
3130
1526
2955
1447
824
1112
2076
785
1308
2515
748
1661
2690
2640
1999
1311
2954
3020
1219
332
1533
3106
3126
2610
1529
320
3061
297
2473
137
3102
1445
703
1619
562
2180
469
1692
1476
196
105
660
1436
177
2816
766
2860
236
2740
970
369
1120
1283
953
60
1640
1857
2259
501
222
2468
1116
825
2026
1625
842
25
2382
2920
2976
1520
1163
1851
2607
1439
2736
1095
2285
2848
2027
2385
518
2527
2565
576
3130
358
1753
2987
751
400
1685
314
2573
2095
383
958
1089
3129
506
1346
1427
1333
3193
2884
610
1163
2536
376
488
3151
1081
39
1661
1041
133
1014
1646
2883
314
2597
2594
3033
864
1868
1851
2721
211
2201
2516
2507
443
1366
2757
367
354
2476
101
2768
952
71
2875
1116
1166
52
1342
1663
1451
710
2223
1462
2242
1787
2186
196
1477
99
344
3031
729
458
2511
2692
2089
3064
737
1099
1228
2816
1231
2101
1853
890
1012
180
2060
217
1929
2511
10
1894
162
2120
3156
2977
1582
1092
1021
3200
2482
2450
2684
793
1382
108
1715
9
1524
1033
52
3170
357
140
1886
1993
806
467
3019
2742
2550
924
1426
1418
283
813
1619
2992
1493
813
28
2935
713
335
633
1455
2122
3063
889
1612
2922
620
2523
2314
1586
343
2311
733
2205
2770
378
2310
1423
443
336
2151
2010
301
2495
872
2431
571
3165
2291
1759
2125
3044
828
1922
1516
2118
682
2923
475
1426
1200
1781
2429
1304
1252
2079
1835
310
644
776
991
820
86
2722
998
1975
2833
55
379
2768
2535
56
1923
1290
1314
2811
2405
696
1796
2285
975
183
2778
3057
1792
2134
2712
31
1920
3106
904
386
371
3053
2017
1074
463
747
46
1703
384
3164
2801
3144
3091
2129
1161
3170
2998
2090
1963
2023
2478
2503
363
1875
650
2857
685
176
659
870
2152
1692
881
1928
653
1320
18
1802
915
1420
428
732
322
1253
335
2202
2925
2332
1743
595
1116
2118
1440
2233
1079
2903
3049
1625
847
1343
1712
2140
3176
852
1609
1965
490
485
1139
1770
1983
1570
2023
2265
106
504
2065
1729
241
2295
268
2744
3044
2737
238
710
805
717
1351
979
474
253
1058
1866
1044
464
1302
1999
232
722
404
1821
2099
1144
996
473
850
3032
1686
2511
726
604
2629
955
1446
177
2020
1931
1508
328
2262
3015
1870
3070
2686
891
2914
1167
2313
2252
1199
2859
141
2832
529
189
953
1573
1688
1702
461
1973
1317
2831
3181
2215
2911
1884
2105
177
1798
862
1081
1619
1390
1546
3073
1503
1202
1574
2010
2410
1204
2407
2360
2117
2879
2137
816
55
192
858
2500
1878
2417
1362
2034
252
3065
2685
294
514
1938
2716
1574
2855
2052
2950
20
2584
2793
2628
2049
2723
1661
2229
2727
1072
1290
182
612
2752
1378
2450
880
2765
3035
2412
1050
1662
415
1978
368
3067
171
1248
1803
2588
1165
2367
2553
220
1516
3150
528
2938
1748
706
2667
1631
1000
1957
1084
2410
3114
1475
730
544
1664
1665
2248
4
3004
1021
1831
2103
899
285
2301
1845
45
1861
2764
289
2897
2364
2142
1774
1645
1599
2029
2804
1390
2105
1839
867
2383
1367
1012
2340
481
502
3047
592
1561
2385
1844
2654
2651
1929
1716
1624
451
824
3050
348
736
2646
263
2242
2849
2417
1912
1910
1756
1376
1465
1835
2144
1766
562
697
1748
2392
282
2722
1867
1651
1760
167
2390
906
1973
1118
428
69
853
352
2073
1943
775
144
1181
1396
1325
1633
1456
323
90
2821
1533
1907
2743
2800
1480
1668
3110
2179
2426
2628
2942
1252
1034
2941
1432
28
2772
2037
3044
49
2423
3044
1936
2246
1064
657
1260
1035
1727
651
1589
2859
745
1233
2926
2658
446
2272
913
2967
642
2431
3021
2993
561
1413
370
1102
2392
1062
1833
1920
761
664
2668
2250
1939
1479
3174
2105
3103
2769
1089
250
2602
1539
373
3033
1794
1040
613
2493
2387
2638
2904
343
2240
2812
1927
2902
1344
1268
173
2989
869
9
2381
1072
76
2596
2338
2769
2791
2052
1854
373
856
2580
1009
1946
1978
2355
304
1207
2440
2331
2147
1418
36
256
2451
855
3130
2180
2875
2531
201
2020
436
2197
2578
2674
3030
2633
321
2474
1638
2058
951
2859
202
2430
162
2280
2459
2912
204
1393
2380
2043
1758
624
2491
3117
1268
2218
1245
2709
1366
1315
2671
1130
1035
1758
2970
46
2774
837
2579
2169
2143
1836
830
299
1040
2586
536
1386
2469
3020
1807
1455
132
3140
101
2041
426
1613
3084
942
2660
671
3038
182
2293
738
234
1318
375
852
2210
1583
87
1405
2553
592
2377
652
285
2168
1536
2409
2567
1593
2080
344
385
1441
194
1387
1605
2357
2359
528
2485
2021
1027
2779
2948
2334
74
2499
2411
2835
1736
1150
2122
2389
130
1401
3178
2441
988
2404
3023
616
1948
115
2150
2913
1439
1824
2844
2648
1376
2887
2212
96
506
177
2554
1112
2458
2995
1551
174
2632
2550
2450
761
1841
919
1634
2955
1473
934
2176
7
465
2702
2987
1747
306
2093
1021
287
2128
1497
3059
1776
477
1044
2212
1026
1471
2539
1760
1990
1430
2564
1845
918
2241
1003
1697
1893
899
270
884
88
509
68
2222
2492
1126
3003
2359
1305
1295
2023
2476
1758
1498
2333
883
941
1671
1648
234
1120
2382
955
2149
1736
225
1955
549
1989
509
2928
2698
93
2576
3075
396
1863
214
562
512
1728
2733
196
2424
358
1641
3197
373
1209
825
2168
194
2539
2224
2901
109
467
1145
1769
1103
1565
1397
294
837
2716
253
663
2461
324
606
1080
2347
1241
2175
2126
1926
2893
2235
2383
1960
2894
1577
2505
2837
232
449
2556
1553
2036
2520
269
80
2096
60
1130
2027
543
1446
1379
2198
2808
2118
1442
546
725
813
1182
2139
866
3019
2840
2373
359
1990
1081
932
417
309
2193
2300
414
2572
1963
2206
1932
3089
1735
84
2817
2683
455
2268
2761
846
2394
2931
1311
906
2406
2498
1166
451
1305
178
966
2311
2207
1452
1599
1188
2399
1759
1201
70
622
2497
2577
1725
2041
3193
2170
2763
2412
1313
1634
793
2601
277
82
2244
1791
1492
2965
2640
2952
1968
2375
2249
1133
1082
459
1009
2862
957
1507
647
1285
154
2052
729
2295
1099
513
1039
1007
2016
1997
871
639
2799
153
2150
186
1485
3056
860
982
1909
1655
3116
1989
134
3195
369
1816
1673
2357
1496
2726
179
2054
415
1101
1892
51
743
869
406
803
2522
1818
2817
3134
1659
856
3015
1116
586
2076
1908
494
1909
2490
1132
2601
2876
425
1474
1792
1694
134
1400
1410
2794
2312
2977
807
989
408
903
1766
3017
1541
1115
2505
900
1485
2231
435
1924
91
655
559
529
2951
2987
570
782
1786
155
1
2056
2786
1311
1202
845
1327
2245
110
2629
2618
1557
2678
2730
117
964
491
2609
1439
952
2642
107
847
1622
2583
1941
2321
1115
2029
1038
2327
2499
3159
1868
2392
1901
1343
1494
1136
1305
756
2397
1552
2185
499
2226
2017
1805
753
815
161
419
366
765
2999
2533
1101
1602
548
2495
2515
77
1029
2146
2809
805
555
2695
588
2959
1865
659
2888
728
1431
217
1028
1544
1491
2222
3075
3004
2826
701
1605
2724
3038
1615
1666
1059
2134
1133
2851
2533
1667
1390
547
1700
2192
1595
2417
2250
1799
1940
1348
1808
1475
1339
906
2884
1396
1354
1005
2379
1791
2854
2337
2785
471
1617
236
2854
1377
2779
750
954
2701
1651
1812
965
305
1646
2950
120
1152
2278
2950
2603
736
1293
1954
2965
807
1486
2982
1131
1760
1274
2052
1325
2371
2310
1885
570
775
761
1190
454
3022
1202
2962
182
99
1489
739
1375
1178
2902
2466
724
1806
858
1168
2813
884
1773
2437
2720
1894
1141
1191
325
1730
1317
1941
932
2870
859
3020
1972
920
445
2548
304
661
2314
2642
842
2626
3193
889
2495
784
2713
16
915
3040
2224
335
1070
145
2742
2796
302
2279
828
2477
1553
1362
2515
1645
480
910
1548
343
1336
1300
967
1502
1069
2060
2382
1489
1834
1070
641
1063
1083
2693
1573
893
1439
1132
2366
2240
528
1584
837
1512
955
427
2156
2030
2657
508
1172
2517
1988
1206
1098
3048
1027
2716
876
1259
1720
1952
2519
2402
1414
1136
1123
3022
1425
1762
1280
1024
605
3197
1079
2125
1047
1988
934
2
2055
2283
2200
2371
584
3
2042
491
1201
95
2960
2733
472
575
7
1201
1479
1205
1104
154
2582
1151
1263
1489
609
2811
2538
26
1666
991
2809
2373
1161
58
2955
1024
1811
2044
2225
2551
949
2823
2256
2317
1239
3169
2779
1450
3141
2698
1024
806
1648
991
524
1638
1314
1402
3158
2292
2135
2011
2888
2819
840
2943
2196
1029
2279
1990
2165
274
1398
2373
2232
2747
415
1534
2094
1146
481
1523
2149
250
2837
2856
3045
1886
2102
643
1120
264
1496
2949
69
536
534
919
2494
532
1258
171
2313
758
985
1241
862
1002
95
1737
784
1777
857
2711
296
758
420
2462
995
1220
2505
890
619
1418
1698
1663
1692
3020
300
2963
446
2764
1421
398
977
2651
1545
871
1727
2969
3038
1659
257
2986
1745
2087
731
830
2665
224
52
3047
3056
1873
1556
1068
1063
13
1000
1412
3151
1700
636
2502
1025
537
1387
361
3048
620
1122
1194
1768
676
1962
515
2237
174
133
1303
175
1430
1849
1643
2551
1384
2140
472
108
137
948
567
523
249
3067
995
1422
148
2408
804
1310
2507
2686
2484
827
2132
659
775
1160
809
1514
2198
601
2707
576
950
1885
2753
408
2432
3171
1091
2627
413
2290
2649
1303
1936
1000
2312
734
322
1000
715
1216
44
1180
1794
233
1186
987
1604
1541
1115
588
1083
1112
1784
725
2282
3053
38
1218
1199
1399
896
2780
863
503
982
1071
1069
800
1929
1838
324
430
724
657
2201
1994
2109
2980
856
2448
1175
2610
1574
449
864
437
3075
1461
365
263
1919
2417
1577
2779
1838
854
2053
2737
2654
3107
619
1752
3049
810
3062
2075
1213
2081
1337
2179
1906
208
2144
2123
1679
1614
2939
1269
1875
2666
3129
1241
3119
1775
1153
161
2391
145
929
1510
2933
1913
1497
2434
1492
477
1760
824
2890
1207
2741
2001
313
811
471
1143
2993
28
2077
1673
2822
958
977
311
1608
1066
875
2178
881
2260
2327
877
751
330
1445
1777
667
178
322
70
28
676
69
3117
959
2341
2289
393
494
1503
845
1503
2620
160
1014
1966
415
2112
2636
1810
1922
2450
345
2474
2172
2940
2158
1008
2587
771
646
1083
149
1875
1898
2713
1624
8
183
644
916
604
2749
507
3140
1092
2481
1413
776
2426
290
962
2633
2562
1569
3108
615
1459
3063
605
1243
595
665
661
2190
2344
2281
1449
163
1408
3133
1124
2111
1308
839
1314
2692
234
2006
2434
1681
659
2356
2082
252
2996
2383
2224
702
903
655
1754
345
2915
2698
2027
771
1261
2875
1958
292
2031
299
737
2890
884
2000
1783
80
543
946
180
1352
2464
2821
746
1628
838
1781
3013
1382
3156
2953
1929
67
1272
434
1461
1678
374
514
2016
2951
3109
147
555
655
1828
2827
1205
2112
978
1222
1338
2835
3070
1711
2557
1149
2346
1454
1134
3132
459
2201
891
994
2485
1379
2669
186
3059
2379
2632
830
521
918
2640
226
2392
2181
1118
2822
1226
1038
508
1846
1263
610
3100
526
208
2728
3029
2158
765
2605
2620
152
2764
2230
2807
1272
2992
1161
1710
2170
1614
2456
1999
1799
1303
2207
331
1804
2781
3062
653
474
2936
2017
2875
3130
2182
1667
2789
2106
3126
2130
2340
2320
300
2096
399
2326
2507
1826
2026
2248
995
1104
318
1376
2958
1075
1696
148
3106
2193
2761
695
414
578
1378
1367
2956
276
814
1840
1489
1625
1345
1056
2405
2968
3133
1329
995
1253
1496
945
2840
2412
1691
628
543
2056
1191
2244
1539
675
599
3140
856
428
1683
1507
1689
336
1939
1712
1767
2000
2143
262
577
2752
2784
2231
135
1078
2786
1163
58
1445
454
1180
2931
593
1369
2327
2232
2818
1250
2288
1418
2111
2141
3115
2175
2855
108
2503
281
2962
1245
2269
968
2444
2256
2833
361
1983
1539
2923
144
2969
2916
2996
15
2597
2403
1492
88
1742
629
708
1389
1277
2055
151
1327
1194
873
1938
247
818
2170
2817
742
2056
1590
178
1567
1492
337
2029
1934
589
27
749
2384
788
621
701
2848
624
1860
3074
1347
591
3179
582
932
2766
2885
454
2075
960
213
1102
281
62
1102
1674
841
1177
28
2991
2740
593
13
749
1887
1051
2280
2879
1485
470
1820
815
1487
165
2613
2322
2992
2569
2535
1548
618
686
1173
48
1243
579
2168
2670
910
748
3108
2387
2354
1429
491
387
1499
629
476
2807
2545
2552
2347
2911
1391
1749
853
1792
2754
1575
1797
1536
1045
2637
1708
1406
895
238
2504
3174
1494
1407
760
291
471
1270
1333
881
1763
2186
3021
2168
1601
1255
1787
1754
90
257
2823
2155
442
12
2664
2753
235
1843
2458
759
2274
2415
1960
220
346
2167
1552
647
261
2043
2525
2289
623
2762
1894
1251
1784
2047
1747
764
2729
3095
2147
2332
329
2416
2232
481
422
2864
2351
2622
141
1041
253
2579
2036
2016
1956
1763
3157
209
617
2846
849
179
431
267
744
297
1870
1956
1333
2292
1058
1785
534
2046
2572
1606
2623
697
1911
2342
2392
3039
2222
3154
1271
1471
1765
1529
2817
1210
1331
330
2430
706
1831
1437
2873
1935
2627
845
1539
2106
2376
2827
1551
3150
2062
955
1932
195
3137
1468
670
1775
790
2306
2824
1853
2607
1529
1827
594
1225
2128
2243
289
2943
2898
1624
1874
315
58
669
721
3033
291
370
2997
872
3185
2289
1543
1703
2475
136
1863
79
2216
1010
1757
2288
630
2646
2469
657
2681
545
1104
945
2486
672
935
2023
1151
1293
2916
1117
348
245
570
2497
2798
2716
1832
2758
1094
26
2553
1325
1471
422
244
1305
2971
1457
478
2110
1466
2390
585
2624
1243
1948
2206
1834
922
3099
2555
1019
140
1029
1249
27
945
1786
1158
2400
1107
2028
2508
793
502
1136
2494
3052
3036
1087
2372
1298
1176
1817
819
2368
1016
2244
788
774
1275
1495
1209
776
1428
1536
1580
2224
1997
777
278
1093
2455
2789
1426
1573
1393
2652
2968
2938
2039
1591
2336
922
580
1952
370
2720
2285
2363
2898
1482
145
2596
1582
1104
2431
3024
235
3110
34
2258
2952
2625
989
2970
505
2557
3097
256
2640
198
1039
1384
666
1712
1794
1400
1435
1753
1691
3042
1291
2353
1444
2008
620
3060
435
1185
3174
2557
1669
2520
2994
1590
1983
2620
0
1636
963
1997
2209
1916
32
1940
671
627
2399
466
827
107
296
2729
763
3013
2323
1277
417
2843
784
2017
1543
2389
470
2562
1128
996
2815
1174
1339
1289
1403
109
2926
1415
1879
3007
812
779
2937
489
1114
1491
1816
2900
2632
2820
1149
1783
2998
43
2521
1085
2916
2899
2496
3045
39
1428
2965
374
1585
1039
2645
2218
514
2493
1956
2750
556
3020
1915
2270
1034
2082
968
617
2634
2382
1156
1769
2457
719
2603
919
685
973
2986
1738
1783
902
1026
2654
1075
40
3162
1619
1416
685
831
1793
2381
1162
1713
2921
1896
1868
1396
3092
2971
2204
2766
2614
2093
2377
2782
1189
471
2379
2168
674
1608
590
782
2033
724
2825
1530
2615
123
1666
1635
241
1750
1110
2284
200
2657
1352
300
2376
2728
2411
1280
2512
829
2604
2268
2310
534
2333
2870
3077
473
670
2222
2588
2511
1126
2548
465
2487
2671
1353
277
1580
2957
2365
1105
2474
2380
2169
996
1807
2105
334
1907
453
2283
692
3022
2981
2456
3032
2629
1895
1202
803
2799
467
2224
888
3096
2436
2889
1638
1274
2396
199
266
138
420
347
2840
525
300
1365
101
2881
2717
2359
758
2628
663
892
2626
849
1747
391
1557
1353
2823
3159
1385
1036
1281
966
996
1507
561
507
995
1749
338
105
2988
2290
1759
1903
748
488
1987
1147
1594
1573
2032
1455
2604
508
1670
2357
2856
747
2963
356
1489
703
1196
2984
453
1843
2386
1194
129
3092
542
862
3145
2060
2449
2245
3145
599
3068
2760
3103
1705
1521
1699
149
2981
1295
873
2984
1540
2344
1919
1262
1751
1218
1198
2516
249
633
2215
1981
1409
2674
1327
1744
2733
3022
2013
339
354
264
526
1825
3003
1196
2487
1608
1665
440
2177
86
388
1501
156
559
3147
2357
1706
2522
1365
2677
2756
2749
2968
1860
890
2417
412
1786
1533
1370
397
2577
240
1053
2092
2535
258
2433
309
307
2145
1991
981
162
2551
462
1587
2540
1906
2286
3164
481
1717
2905
2265
612
2458
2586
1283
2191
2792
2088
320
2769
2213
2191
1858
1259
938
3086
2984
2432
1393
180
2611
2485
0
494
1069
3014
2798
1764
2279
1051
1940
2930
1020
2230
1635
1724
898
3146
2258
2722
3027
877
2361
723
1567
760
1445
36
3000
2671
2855
2958
1655
2245
2046
461
1537
657
2882
2156
1799
1133
2200
2021
2081
940
1749
1751
237
2688
2562
2090
1055
836
1859
3199
418
987
616
2018
2088
456
289
283
66
613
1329
247
2182
855
1480
2216
286
2043
89
2952
612
439
2510
1775
706
359
3096
961
2796
3074
172
2340
1941
2865
427
307
1281
2988
347
1801
1694
242
2167
1503
2727
1192
1843
2217
1320
1655
1523
281
3110
1265
881
1606
2436
2892
55
997
2604
1995
2933
2445
407
2605
905
2882
2713
864
1869
1747
1773
1833
226
896
1817
2793
790
2216
857
207
628
632
2446
65
1764
233
1544
1399
1769
257
723
2574
2449
2303
3090
481
152
3160
674
2180
1877
1967
771
219
473
368
1712
688
1426
2122
65
674
2334
2831
1141
718
424
2627
994
3052
1087
1001
2232
1641
2963
769
1795
2132
361
1276
1735
1492
2112
560
850
2061
1230
329
2181
380
1051
332
1319
1290
3165
1096
2043
1277
341
2415
2705
395
2717
1589
1196
722
280
2129
0
1764
2633
1563
817
1032
915
1552
2270
40
981
651
1031
478
3078
2131
617
1307
2603
1799
2657
3153
1310
2769
2455
692
1046
2735
243
1710
3185
2962
1831
1150
889
1851
132
224
1131
2050
1350
161
956
3058
1915
70
745
964
3122
2431
1546
573
1055
1712
2811
59
37
1023
1599
2003
1459
1767
2266
2106
2369
2010
1596
1233
3116
1853
2305
556
2386
2648
1091
2138
825
1965
1488
656
25
2278
1335
2772
1326
969
884
1415
877
35
663
2245
2631
637
1606
1738
1561
2903
2193
1345
905
1852
2323
262
760
3010
727
2253
2954
1338
37
3065
1295
2658
2399
3071
2666
1531
3092
1717
1179
1603
2362
1021
61
45
1204
660
350
2092
1589
2567
658
2998
2082
650
3057
441
1107
264
271
1065
1412
1893
2585
1106
2072
1698
3000
2319
2503
2733
2356
994
1460
588
1144
418
252
2112
2524
1263
2228
564
68
2267
1733
2888
294
1019
1452
2730
463
2386
2719
2953
1991
2762
2972
2836
235
2277
3068
2912
1658
2684
1423
1260
1746
103
3081
3021
536
415
3051
3186
380
373
2611
1734
1231
764
37
1798
3132
1958
133
2271
2344
836
2843
308
444
689
630
206
1707
730
369
3048
2869
71
2001
1712
2800
1755
1429
2866
1804
1862
662
1226
1861
2903
2659
309
2987
957
1688
1839
2174
1026
652
2159
47
0
2133
1437
513
2216
2937
561
1633
3058
763
1768
1665
1351
1370
2929
2254
982
326
256
2121
2498
1945
149
1285
1944
3019
1227
680
532
2644
1517
2404
2947
2655
1174
1235
2177
2896
2313
1256
1640
1182
482
2977
182
2606
1865
1413
852
353
2306
2160
1269
1558
251
1037
1423
2801
1991
2443
2423
60
2051
2685
2362
2428
227
918
866
3178
996
404
1601
73
786
2468
3154
204
910
2752
1865
1212
1980
2405
2883
1636
2486
2560
1252
1182
513
415
1466
89
2695
1691
2232
1162
1238
1455
122
1265
2226
1559
1556
1633
647
1948
2152
959
1412
954
1666
1702
110
1874
2589
2517
1030
1525
1610
2309
1648
1336
2241
756
2086
2683
556
2856
2660
1176
467
2844
2685
2348
2145
3071
2993
2666
1311
28
2340
2989
3093
1366
1753
336
2115
1434
1497
1656
284
3120
2623
1834
126
1142
214
2533
3042
660
2380
2607
2026
2100
1802
1760
730
393
1120
2760
1552
2345
3184
1183
3090
46
2639
1765
955
3047
209
1031
290
1975
2291
1160
164
1898
634
1467
1485
2841
583
2232
1422
1755
711
610
1758
1692
2172
2675
2001
1690
1652
2149
1084
2093
1459
1848
2155
551
1793
238
776
801
96
2496
978
420
326
1163
2149
6
1440
34
1092
1103
1773
2330
1158
1054
1211
301
2307
3138
2683
2840
2416
3155
647
2483
214
1046
1781
1305
610
1542
833
588
742
2708
3120
1852
2886
196
2078
399
2370
272
1331
2104
2470
1356
1614
1222
1652
1642
238
405
1868
195
464
3158
831
2943
3124
1102
913
1944
32
3191
2608
652
381
2238
902
2861
587
82
1355
1550
1924
3034
1906
195
1394
1981
557
1503
2654
2698
121
2056
1776
3112
825
2452
70
814
321
1886
2969
2647
2521
2439
364
1532
1337
2219
2127
1983
1465
983
1075
2801
597
1356
200
330
2989
1471
903
554
2502
2499
415
83
5
2836
2459
2907
3186
2149
963
2004
970
2921
1800
389
2968
754
2283
1718
2290
95
1062
2405
3136
1200
1538
2122
1087
646
2784
260
1306
1923
2763
2953
2319
781
441
1328
2435
368
1152
2693
2486
2596
320
2401
648
2600
2548
825
1093
245
2351
2848
1946
1834
2609
1162
22
1575
2282
1051
1516
2635
1723
306
2712
2453
1066
2192
2030
763
1634
990
1291
2699
405
1637
628
1323
1952
905
2975
2858
523
2643
1047
58
395
1399
2757
2915
578
680
1922
1086
1800
1765
912
2559
915
2464
2566
3126
2819
2280
2386
1113
1732
2652
271
2336
1873
2687
870
2487
2246
2370
506
2815
1969
1616
1117
1656
2715
1074
1262
2206
1662
1198
1447
766
50
2325
1107
1987
2207
672
1503
2733
2988
3055
2228
540
2004
2406
1431
986
3182
3011
20
1041
2910
1
50
1813
1409
34
1569
3034
719
629
2751
896
1457
167
1275
1218
2025
1713
2553
178
751
2211
879
2920
2137
2496
1340
1901
337
98
85
2833
1627
580
1757
434
429
1797
3148
2601
1406
2907
2666
2171
2300
1730
2873
1876
2828
2688
1796
3138
118
2150
1945
2507
1514
138
2855
2833
2166
1127
2799
794
330
2569
1896
2623
2877
2995
2785
331
2064
2228
1709
1712
146
1678
279
1047
2116
2612
433
17
3158
135
37
1240
2015
1059
48
1437
1867
2359
1571
3188
578
2366
418
2501
1104
1385
3056
2201
2614
2501
428
2657
1531
894
205
2293
2554
2589
280
2907
652
1794
855
886
2274
1202
2749
2319
1885
920
154
1446
154
834
3169
168
179
1036
2915
752
878
506
1752
1478
493
3171
1567
867
1460
2781
3108
1653
1043
499
2817
107
1807
885
1080
185
2078
2583
1212
1691
2262
77
593
2938
2846
1611
1804
2364
1789
562
2297
3174
2841
2995
1175
2847
2557
1013
2975
1228
2759
1124
2422
2767
507
409
1145
3140
1303
3198
2081
1877
709
2830
2962
330
2683
1297
1355
28
2201
922
2044
2844
1197
1367
2187
1873
741
2402
804
1455
69
2544
1388
1288
2219
525
1080
1626
2651
110
69
2069
1379
947
618
3145
2146
2853
2139
732
1666
97
2167
1463
3126
2605
827
7
1960
2813
1672
2412
783
22
904
676
2674
418
2297
794
75
1712
115
1093
811
1098
1714
863
84
2980
2490
377
1007
3159
2455
382
2456
2020
67
3194
2244
155
3193
1527
2781
1512
901
2514
3017
2055
2265
735
1964
1041
2197
1429
62
2540
1537
363
3073
706
1970
2166
47
652
276
359
1601
2997
2358
1509
231
2520
689
2886
288
2440
2494
765
1476
2122
1468
398
2547
3137
268
1759
2377
2082
230
1903
350
840
1158
139
2144
500
2936
261
1343
1566
2734
872
2633
2300
2816
2148
578
971
420
233
435
622
1694
1666
2168
2475
1511
403
1049
2137
737
1150
1004
2279
2059
1750
227
2188
455
689
1145
1201
2593
3045
1526
2710
2108
1931
1501
875
3057
455
1983
1353
1135
2605
98
1555
2552
635
525
1168
1940
1522
3148
1430
1686
1643
1262
1323
1557
2436
124
2462
864
566
239
499
1476
1943
2290
642
190
2988
2482
1260
2291
823
1544
806
1680
2725
2416
706
836
14
516
2520
840
281
1298
308
2267
162
2548
7
2374
2854
1382
72
1111
1201
1015
877
1940
1255
2723
446
2247
163
622
481
805
2013
1478
2264
476
1704
76
1288
2338
151
2107
73
573
1841
1271
308
2518
1423
464
2846
2900
1048
1947
803
209
1574
1176
896
1565
3036
2246
2503
2510
1837
653
1205
1872
1927
1784
2370
2142
1629
2548
76
773
437
2013
191
1097
2899
1401
2312
2611
1193
2281
3173
756
1015
2018
1040
1380
1925
1773
2520
2833
3157
1715
1455
2762
1735
2633
2527
513
2512
942
1120
1435
1544
1196
1340
3142
1267
1897
3183
421
2065
2700
668
2928
992
2185
2444
2811
2006
422
1920
3163
1238
1917
384
2387
163
544
2840
2465
897
1416
2441
569
1126
2205
2229
2757
847
2355
929
1189
2844
3139
1948
3071
72
1576
3161
2626
2063
2002
592
2622
2922
1105
1701
1479
1768
1490
351
1949
23
1734
1365
3068
634
3074
1977
1656
2072
997
3053
521
2485
2111
194
2358
1605
1715
1868
1365
2864
1812
2077
248
2458
2977
1328
2737
2818
3183
912
2528
1708
602
2067
2621
431
2351
2620
1854
990
2092
2297
413
1500
2182
1992
1337
231
1990
517
738
221
1005
272
1904
2598
342
853
1816
3055
2836
1963
950
1779
2090
39
1090
2758
3120
2855
2118
230
1373
2787
2082
1075
1044
2742
146
490
1835
242
1100
1213
1326
3194
2103
1693
2249
2263
817
154
1208
1193
486
114
2417
2169
2436
2453
2085
711
743
1251
233
1200
2350
929
1149
886
2810
2075
2354
973
2770
282
1234
1775
835
2845
862
1959
556
1261
564
3079
2876
1338
375
2753
2262
2198
232
285
2500
101
1891
2396
2848
1611
3106
824
1821
968
148
1981
2769
2313
2798
1325
1370
699
154
535
772
2884
382
1780
1069
663
1610
1894
2749
1274
1708
1382
255
2127
2291
2785
803
390
158
1768
3196
576
1445
2944
2270
1011
2606
1752
1311
2230
2930
1024
1283
2837
2972
826
1277
1846
2135
2270
1538
2979
1038
432
694
2688
798
241
296
1442
476
1842
83
381
683
1209
1651
2204
1618
2362
694
1608
1931
726
277
2248
1485
1984
1010
1537
31
2499
671
1522
2799
637
834
917
1315
975
744
2751
3138
1100
1270
639
2550
2565
2939
462
2308
800
1278
2045
504
3037
3040
424
1568
1675
2629
555
1920
1041
88
3088
1851
583
1998
1802
1849
90
2622
2968
3083
2304
3042
999
143
2332
2636
1475
82
1072
1958
1098
2082
1422
837
1362
1147
2772
1117
2166
2166
3023
2668
1658
2696
2067
646
2154
2847
1260
1060
608
1407
1314
385
1979
2431
2423
2438
1679
1077
76
2345
2767
1475
1714
2914
1709
24
2480
2561
2105
1825
156
3057
2362
3190
1031
2185
1064
1313
505
2116
895
2438
427
3173
1996
1915
1851
2537
2611
1121
844
2285
1714
1701
158
2657
200
1722
1051
2349
1071
1861
548
2092
1701
3164
2367
2173
788
885
1086
1471
753
273
873
2238
275
2219
692
644
1690
907
351
272
2514
2704
226
2384
3040
2882
387
764
1826
710
124
2079
2059
1452
705
2149
571
3004
1841
369
940
2180
170
637
1734
2499
2825
3109
2932
736
1830
2508
148
2788
1368
1575
1560
2319
461
1993
2325
326
621
1875
637
2529
2177
1872
328
1726
134
2781
3193
583
1418
2588
473
2096
197
3067
1912
14
488
1299
1885
2167
2948
183
1215
446
1458
2437
1427
438
2320
3099
815
2273
1905
302
3106
1867
334
720
589
484
2801
1102
683
1014
1599
1512
425
1317
1775
2018
2202
1841
1300
1706
1067
1069
1213
616
2084
1000
626
2620
1303
1507
2107
239
2553
2336
1492
1141
2315
2277
307
1335
2631
336
1093
2240
2574
2558
1978
2517
1471
3008
1804
939
1585
1268
2555
492
1271
719
785
1039
2057
1675
26
976
780
1741
1664
3151
17
1538
998
1407
1706
1717
788
2736
1756
2065
2995
1070
1737
360
239
3111
669
701
821
144
1913
2274
2600
2930
1769
1866
1078
1910
3037
120
1697
306
2650
1376
5
1474
2164
3182
545
3029
3168
2677
835
1846
871
327
2710
1319
2999
1762
1962
195
443
1866
396
333
393
2977
1363
2310
2282
645
3033
2454
2977
2205
2424
2186
1267
1235
2212
2291
1400
2212
3006
2676
1604
872
1629
1751
885
1482
596
1021
2039
890
300
35
1476
1639
246
3027
582
3026
1978
3140
2078
1723
2381
2674
1149
1888
422
1148
1121
2701
2324
266
626
2215
1673
880
403
2814
1648
800
2893
948
2573
1133
247
23
1025
3038
2779
3172
2648
229
63
2035
2945
1188
1370
832
2727
2460
2628
3142
1420
1993
8
1214
297
1458
1376
270
1500
2557
267
2260
304
2551
2564
3081
2883
299
813
2283
2763
2362
783
2049
3080
1105
1715
1811
2547
437
2202
591
662
2116
901
261
1750
2479
2190
494
406
3191
1032
1187
2189
1661
2188
124
2155
671
3140
2137
1762
2622
1678
2564
1162
137
3016
1266
1578
428
2980
313
723
2170
2356
715
48
1309
685
2647
2971
1505
236
1146
204
134
2587
1605
1072
3134
2954
1697
1438
180
16
213
2488
2144
2535
1605
1172
2635
2825
729
2162
1100
1686
2005
2117
2080
1296
3018
2882
2519
1073
2383
1638
38
20
1228
2023
1115
256
236
1717
368
1138
2901
32
902
1987
814
1383
1706
1561
2512
2347
301
3074
1518
327
2129
1536
2641
2047
680
1901
2293
610
3056
1703
794
1378
1870
222
2772
2173
2634
2632
400
1622
1260
2375
2797
57
2821
2334
898
2104
3057
3015
705
2136
998
2982
1782
1798
2182
2473
359
598
1009
2502
1727
1240
2979
1727
2075
3093
364
1315
1587
818
1652
288
2065
1399
1825
904
2651
648
1837
2949
1615
2714
35
1936
742
2644
1505
1375
1128
2588
323
1271
3114
346
2766
1744
2203
579
781
2537
18
2340
2888
2082
20
1506
83
2086
2966
1550
3074
398
836
743
2414
736
1375
2197
1516
330
3153
956
2431
5
247
3154
238
1330
1145
876
407
2518
1430
2931
444
2307
3101
241
1201
3102
1889
653
1758
3102
1566
1782
2174
2504
808
1313
2097
1794
1106
3121
52
2514
98
1219
2278
1651
2795
10
2801
3125
912
2527
3013
2194
1362
448
6
431
2645
1180
3171
2402
1087
456
1116
2516
796
2925
3018
1680
407
1007
1458
1135
2212
1252
1853
1391
1451
1761
1007
298
1000
3131
2159
1341
1066
1158
858
2685
1965
2186
1467
2224
1624
443
2300
168
3127
2404
2779
1361
3148
1911
41
2011
342
234
3048
71
2963
1849
1361
792
2344
2398
520
2811
2914
1776
2846
2188
1626
955
2046
1930
2895
2730
2962
1284
681
1994
2601
356
1794
1619
1093
2554
1376
704
2317
1673
2232
2813
753
1123
2662
409
661
376
2636
570
637
2337
647
1259
1920
2276
1723
683
312
1424
2290
1527
2084
1615
2922
1151
2432
3077
2041
251
1122
2856
1659
2454
2097
855
708
213
2024
1337
973
654
597
2038
53
1746
2769
1207
2280
1078
1370
2329
945
441
480
1124
2225
2428
280
154
1020
1018
1615
839
1473
63
2932
2321
1265
2550
977
112
136
2070
316
1623
747
3138
2245
214
1557
1771
1385
980
1941
640
2005
928
456
1521
666
3167
1533
1850
1505
110
2180
2791
2077
1684
162
2211
2674
2203
2580
664
604
1076
2934
2494
2801
1000
2012
2960
3182
385
2468
2002
1367
2976
1441
1250
289
998
1280
2410
2601
1916
2410
2784
2718
119
2523
3144
2967
1411
2613
3112
721
2435
2002
1755
1367
3094
272
439
1109
324
1865
709
986
8
502
1040
2626
3114
1659
480
3124
1424
1357
2036
1015
2930
2551
1980
2994
1246
2943
1997
1950
1368
2401
626
2725
1260
182
158
1449
1456
650
2694
1224
1109
515
889
881
703
2466
784
2034
649
189
1959
2360
1464
651
82
2117
2010
2330
2023
2710
1620
2249
1950
2921
238
1213
3136
374
200
58
262
373
889
2738
2043
1120
2672
2923
2558
1411
1273
1830
951
1865
1001
2758
3121
2297
1642
2903
966
1007
1837
1948
196
1250
3002
1054
794
281
2497
434
1808
376
285
1115
395
1854
2868
723
1584
595
762
3149
1262
2148
3078
265
1487
2773
2871
1846
213
2586
1344
2096
2289
2570
539
2900
234
1247
83
1607
1711
2435
1757
1652
1897
1462
1339
611
466
2219
3163
2970
1550
2534
3065
1751
184
1392
1576
640
394
18
3022
2065
481
101
1667
2728
1159
3120
2720
2555
2121
2045
201
2063
1122
2620
2044
2527
751
813
689
261
2503
1337
216
2629
2775
2175
1313
356
3022
1762
1122
2495
230
2367
225
2791
1496
1031
2202
2383
363
1238
430
3112
2910
2770
1375
2451
1879
1859
1203
2115
230
3171
2982
1828
1689
51
582
1894
217
984
1426
849
2677
922
1945
179
604
1719
2615
1487
2591
77
2024
2973
2792
2013
1796
1382
771
2702
971
1072
835
2828
370
1912
1850
144
1409
1086
3199
53
281
244
120
1790
880
313
555
168
709
1715
1823
1874
1306
2730
1288
1966
2866
3137
1891
1935
540
861
2240
3021
2875
1368
312
1009
1804
1081
2099
2049
2877
997
169
1884
1728
1089
332
2274
1435
1718
924
2684
251
1541
2638
2872
2176
670
665
3138
535
1131
2126
2624
605
1325
3018
1900
448
1426
949
2282
2277
962
1432
952
2710
415
1550
692
1376
524
1376
3085
592
1530
125
2340
449
2554
1214
308
383
2143
2748
23
1208
2266
1458
2232
841
1028
1038
1618
2890
3114
3027
243
802
2289
3077
109
533
941
3139
1143
2959
2314
1459
300
2849
783
1948
2921
1997
1533
2784
669
2921
2315
2281
1537
1374
1976
1722
846
632
92
2900
1134
983
1034
2859
211
2929
2797
2218
459
925
20
545
62
1887
2013
2296
1008
236
809
2192
949
790
3078
1658
2166
1183
1662
2885
1298
1784
2864
2973
1843
2815
1550
1114
1457
222
1640
828
2723
1164
39
730
1796
1950
1880
2356
2918
2150
1826
2646
2667
1292
86
2094
89
36
2168
37
1888
1921
2073
1338
2817
2317
2618
1960
2891
2214
1609
1847
676
2756
1244
1517
1574
2017
1574
2203
2331
1871
1824
2785
1249
1976
333
3121
818
159
1598
1872
536
1476
1649
233
857
3075
2775
2881
2670
2652
2241
2075
871
1577
1533
1690
1120
7
75
2605
1776
1104
432
2579
2698
2761
1930
3005
581
44
709
2997
427
1832
2873
287
1499
2986
2144
1477
2413
2103
2918
935
1386
245
1711
3028
1740
2230
3140
1032
919
640
528
672
1645
815
802
2770
173
3151
1997
838
1209
2953
920
718
2270
2774
645
47
3036
2485
2604
38
1353
2372
86
1873
255
338
2183
1802
1574
1751
1296
2690
1431
2803
1901
2095
850
1385
1334
3195
3119
1976
1750
2239
951
2044
1358
2663
3058
145
2498
396
261
106
2931
2880
1353
2825
1362
895
3198
2124
3102
2633
1782
2359
3051
1888
1913
3193
2037
2303
3164
2475
1036
2037
763
1083
2828
1446
2487
927
3156
2505
2522
2652
2168
2815
277
126
2437
358
451
1076
3035
2054
827
107
2299
3154
3103
46
340
741
90
1905
2005
2885
2277
2421
2854
1994
1602
256
2174
2000
1595
197
2366
311
153
1685
2192
2685
606
296
2521
2320
2660
2151
1677
1357
358
355
4
64
2943
3100
2116
2590
293
1580
531
2395
3037
3186
2144
2899
1412
1880
52
2452
781
304
2
1932
1049
2120
1677
1508
249
1243
344
257
536
1778
688
190
594
3135
1408
2312
2630
2352
274
1730
3130
824
489
2757
2570
1783
1152
1948
1407
72
476
2626
2184
1830
1884
2422
2517
3021
485
214
2422
2210
2264
2590
762
283
2718
1353
2419
810
1935
2233
855
3131
2866
2601
888
2056
1451
1310
1740
2018
1946
683
2000
701
1134
1433
994
396
2115
2579
883
2794
1214
2315
1530
2833
1817
3116
868
1527
1400
1539
2343
2660
2110
771
368
2024
1935
2816
750
2149
2874
1138
3026
2368
301
2141
1826
2963
1554
1100
1200
1654
2477
782
2796
2756
1736
308
426
391
2336
728
1645
27
2948
1753
2289
1648
325
2177
2873
1099
431
1933
567
2948
2023
1817
2001
341
1708
512
202
1613
3058
3183
115
1557
598
1586
1437
2749
435
1422
174
1420
1108
1634
1971
2713
706
96
2066
762
2504
1932
413
1957
1381
191
2173
2900
2442
2931
2140
916
965
2565
1378
404
279
2744
2375
2466
1625
1496
2310
2141
1560
2276
1733
675
1342
305
1371
2133
1060
1249
2259
486
224
3049
584
2839
1292
97
268
778
3154
2104
1741
1285
582
708
105
1014
1639
2591
2934
1828
1820
2098
2911
1540
1987
806
1249
2651
684
115
1748
1656
2682
1882
2757
1036
2481
3132
2580
1668
861
2737
2222
913
356
1511
1259
1892
2824
1104
50
18
1394
2249
2370
1847
2085
771
2747
1545
2736
1949
2447
826
908
667
282
687
378
827
1781
2862
15
1334
315
2717
1637
1405
2003
1627
123
950
1881
2036
3091
557
2778
2174
1302
1198
3134
1880
1665
1849
1055
3052
862
1573
999
1111
2076
1222
670
1773
1683
787
1747
2491
3005
1579
805
3081
1182
2243
385
1709
2004
2343
2837
165
2856
667
1204
2701
2717
408
3034
2722
2516
1720
2190
847
2730
959
979
1327
1037
2374
1147
285
621
2116
1970
119
1573
1211
273
3194
2838
3137
1425
2622
2770
1672
2473
470
817
2444
1193
2471
2061
1951
1244
1924
2725
639
2049
454
298
1170
487
2855
37
57
881
256
422
146
458
20
838
812
117
556
761
911
371
1432
246
2688
394
1958
2245
1769
2480
627
2902
23
888
926
2353
1210
1534
2184
217
1609
1485
2900
590
3071
2934
2548
2154
1982
1857
3090
2925
344
2450
2020
2236
1942
1994
1685
623
2219
423
2032
445
652
1448
136
1431
3106
209
2551
488
656
695
210
2766
2681
541
2577
2303
703
882
3089
1638
1809
1673
748
1691
450
3033
1021
1158
2534
82
792
132
1635
876
89
1184
330
2101
1074
3172
420
556
1813
2497
815
1023
1307
83
1018
540
2217
532
2158
981
410
3030
205
1130
1288
2128
77
2883
478
1757
990
1518
2648
2157
742
2845
579
3104
1174
3010
2992
241
1592
666
677
117
2496
1173
2262
2563
2204
1635
777
2898
435
12
3004
1177
1772
70
2628
1376
856
1367
1869
2667
2366
2520
2927
530
1222
2276
1351
2269
2910
243
3179
1594
670
340
242
3016
22
3140
1687
3035
1696
2199
712
561
1796
1485
2552
1042
900
821
273
2705
1715
1909
1409
2175
397
2964
1419
2276
1559
3170
2854
2685
2200
814
1006
607
2275
2404
2566
2659
795
1637
2266
2639
2770
544
515
3111
1780
1232
2821
2343
128
3196
1384
1557
3111
531
592
2241
794
2512
797
2994
2811
2761
1348
2962
3048
1526
2765
2376
2617
1570
975
976
2693
857
3185
273
910
269
731
1854
1221
2938
1346
1980
1695
2178
1978
376
2198
2871
2069
1008
1062
589
2465
1067
2063
2434
668
2444
1016
1043
719
1924
183
2457
1925
1183
2976
950
1109
315
808
1164
65
1075
2883
784
3135
3154
2241
1423
287
1441
1179
1251
984
3194
1471
131
967
1315
2514
2639
635
3147
3139
2553
3159
3159
567
2080
1588
1156
941
1301
1987
1926
1233
577
722
461
2921
1084
2576
1727
1470
2779
759
874
1693
2176
1821
1235
2526
1852
2982
407
704
157
14
616
2251
1802
1971
1143
1509
125
1566
2213
3174
745
2427
2290
2795
395
2079
2542
2855
3039
285
420
2973
3094
154
520
2641
72
2648
1560
2785
774
2816
1630
1782
2862
854
2950
967
2090
2709
1761
2673
1832
1219
2942
820
334
1755
1947
989
1921
444
1806
3096
1222
1460
1749
626
1187
1252
2977
643
1521
448
3121
757
1323
73
216
1082
197
1749
2033
1122
1914
843
1668
2380
1758
809
1262
3070
1659
177
2778
727
1646
2032
874
2535
400
2298
1761
1565
337
2405
548
2583
1334
234
129
950
2549
1818
2667
2741
328
2692
2954
476
3189
3091
2089
1780
2610
184
1387
390
1020
1940
2159
572
2181
2393
2592
18
95
694
1898
2347
199
2419
1913
774
223
2286
2713
81
1715
2072
891
139
567
1615
1662
1747
904
2475
1911
2803
1877
1883
1712
22
432
485
2634
396
120
988
751
1035
3070
2698
2801
2186
1140
3045
2852
1102
917
81
461
1479
1259
2448
1258
1012
523
1516
15
1989
271
1367
210
562
159
283
1721
593
1113
2614
1614
2914
2933
1063
334
1825
2306
2914
1762
2497
762
2092
1615
2720
2385
717
2253
1690
2887
1886
1522
2169
1009
1652
1116
2607
1206
3161
3021
1007
3058
2983
1620
3158
2330
36
1107
871
2394
1262
340
435
1964
940
2623
836
1481
135
1252
1655
2937
1415
506
1389
87
2935
70
3092
1242
373
2494
1124
2443
2797
727
1391
1719
1845
1029
888
3193
2992
2254
870
1427
494
421
445
2069
3073
742
1532
1671
3150
1837
420
814
3067
1875
1964
2325
1002
2303
2283
768
1055
2817
2470
306
1535
2635
2853
1416
530
1764
2727
2644
1474
935
2714
2779
3084
3164
1842
3122
2283
55
1106
1809
2731
447
2386
2010
2044
99
2966
1637
1560
1653
194
2398
559
1711
1315
1441
1122
593
551
2103
3168
2092
407
848
2400
853
336
426
2249
361
2096
314
2796
188
635
180
848
1057
312
1678
1352
2897
870
3013
1919
331
963
100
2972
1967
2005
1900
1743
2542
1578
3037
698
2850
1941
265
201
2188
1679
1345
1350
2234
473
1529
1616
1301
3107
2454
1895
1629
2800
2033
2623
1997
2262
2329
1597
1984
332
123
732
1016
1864
2847
2168
2723
2723
125
2074
385
1468
2605
312
2165
1182
1308
2464
556
429
1645
376
1870
738
1930
1613
387
2263
1266
2863
2046
1142
729
3132
1926
2124
275
1144
1548
3038
2124
1717
1329
365
1668
2775
2747
1758
245
1582
1004
1908
1934
2109
730
2651
2952
2642
2880
3085
2177
1348
821
1106
313
1508
1375
1324
1394
1702
303
2143
918
1099
1831
2912
563
2339
36
2461
1570
3148
2365
3
3050
1872
900
266
3153
1782
2241
3123
2005
2134
468
1929
1657
970
1021
2232
1806
3096
17
502
2751
2460
769
1552
3004
1688
877
2595
1491
3042
3065
2567
2258
2277
1410
1368
629
1961
3079
2585
2786
2115
2609
1604
1880
1082
284
2867
33
2521
1729
1128
1360
1461
2253
756
2981
2218
1522
1615
2813
741
3146
1602
236
549
1152
389
1133
2666
2561
1436
2299
1570
3137
2521
1955
1721
1921
1282
2031
872
1496
2280
3086
991
1610
2561
1262
2204
42
602
2120
1320
2917
302
2466
653
1968
914
1856
2829
200
2991
2419
2477
1979
1450
3127
908
1833
2070
3190
2423
2472
1358
1241
1596
2982
1990
2036
2191
640
499
167
1970
1341
1559
977
762
2416
1347
370
3095
2671
440
1263
96
3002
2566
2149
2514
2742
1124
1877
1410
2278
879
48
974
2199
1872
790
931
925
308
1563
2101
2333
1628
511
3190
1179
3125
2144
348
2838
2038
2130
2401
2928
1444
222
3065
3015
3065
2846
523
2201
2124
2038
3166
390
339
1496
1383
681
267
26
938
185
76
2123
120
1938
14
1773
536
2066
2045
2163
636
925
251
477
1234
1030
1311
1811
1727
2525
831
1514
2297
2409
426
233
2595
3144
1792
2555
24
1935
2164
759
2765
2465
1649
1186
1886
2656
2227
922
2873
2627
690
1754
364
692
1570
2926
1780
2992
773
1659
1834
440
683
3061
1289
3029
1702
1601
2877
351
987
530
1419
709
1635
2132
1999
1008
290
2985
2546
3196
2901
939
1220
2996
3170
2571
3166
9
1053
1417
339
3027
2452
2383
1112
664
1504
1873
817
2003
2976
2724
2395
1895
2216
1471
550
784
3163
2838
2162
793
1942
1248
1141
554
505
426
1684
1521
675
3150
2179
90
1850
2638
591
2961
1949
1526
2977
2525
213
1517
1809
2685
2577
381
150
3171
333
72
105
447
1734